0. 0.07574346 0. 0.09690804 0.14403612 0.32024733 0.09961425 0.97799453 0.09615983 0.29467622
0.07574346 0. 0.09231413 0. 0.15925564 0.065597 0.06560947 0.05078823 0. 0.0586198
0. 0.09231413 0. 0.12801123 0.97166046 0.20277184 0.65757722 0.32775388 0.06288558 0.96884604
0.09690804 0. 0.12801123 0. 0.3048707 0. 0.0606009 0.04766739 0.13696882 0.06352888
0.14403612 0.15925564 0.97166046 0.3048707 0. 0.68229368 0.70378709 0.69145999 0.96957985 0.24173219
0.32024733 0.065597 0.20277184 0. 0.68229368 0. 0.05661441 0.97296435 0.30271301 0.09279482
0.09961425 0.06560947 0.65757722 0.0606009 0.70378709 0.05661441 0. 0.08739043 0.12622523 0.99780836
0.97799453 0.05078823 0.32775388 0.04766739 0.69145999 0.97296435 0.08739043 0. 0.15229203 0.06752939
0.09615983 0. 0.06288558 0.13696882 0.96957985 0.30271301 0.12622523 0.15229203 0. 0.07267698
0.29467622 0.0586198 0.96884604 0.06352888 0.24173219 0.09279482 0.99780836 0.06752939 0.07267698 0.